[[  0.00000000e+00   0.00000000e+00   0.00000000e+00   0.00000000e+00
    0.00000000e+00   0.00000000e+00   0.00000000e+00   0.00000000e+00
    0.00000000e+00   0.00000000e+00   0.00000000e+00   0.00000000e+00
    0.00000000e+00   0.00000000e+00   0.00000000e+00   0.00000000e+00
    0.00000000e+00   0.00000000e+00   0.00000000e+00   0.00000000e+00
    0.00000000e+00   0.00000000e+00   0.00000000e+00   0.00000000e+00
    0.00000000e+00   0.00000000e+00   0.00000000e+00   0.00000000e+00
    0.00000000e+00   0.00000000e+00   0.00000000e+00   0.00000000e+00
    0.00000000e+00   0.00000000e+00   0.00000000e+00   0.00000000e+00
    0.00000000e+00   0.00000000e+00   0.00000000e+00   0.00000000e+00
    0.00000000e+00   0.00000000e+00   0.00000000e+00   0.00000000e+00
    0.00000000e+00   0.00000000e+00   0.00000000e+00   0.00000000e+00
    0.00000000e+00   0.00000000e+00   0.00000000e+00   0.00000000e+00
    0.00000000e+00   0.00000000e+00   0.00000000e+00   0.00000000e+00
    0.00000000e+00   0.00000000e+00   0.00000000e+00   0.00000000e+00
    0.00000000e+00   0.00000000e+00   0.00000000e+00   0.00000000e+00
    0.00000000e+00   0.00000000e+00   0.00000000e+00   0.00000000e+00
    0.00000000e+00   0.00000000e+00   0.00000000e+00   0.00000000e+00
    0.00000000e+00   0.00000000e+00   0.00000000e+00   0.00000000e+00
    0.00000000e+00   0.00000000e+00   0.00000000e+00   0.00000000e+00
    0.00000000e+00   0.00000000e+00   0.00000000e+00   0.00000000e+00
    0.00000000e+00   0.00000000e+00   0.00000000e+00   0.00000000e+00
    0.00000000e+00   0.00000000e+00   0.00000000e+00   0.00000000e+00
    0.00000000e+00   0.00000000e+00   0.00000000e+00   0.00000000e+00
    0.00000000e+00   0.00000000e+00   0.00000000e+00   0.00000000e+00
    0.00000000e+00]
 [ -5.07644341e-01  -5.07644341e-01  -5.07644341e-01  -5.07644341e-01
   -5.07644341e-01  -5.07644341e-01  -5.07644341e-01  -5.07644341e-01
   -5.07644341e-01  -5.07644341e-01  -5.07644341e-01  -5.07644341e-01
   -5.07644341e-01  -5.07644341e-01  -5.07644341e-01  -5.07644341e-01
   -5.07644341e-01  -5.07644341e-01  -5.07644341e-01  -5.07644341e-01
   -5.07644341e-01  -5.07644341e-01  -5.07644341e-01  -5.07644341e-01
   -5.07644341e-01  -5.07644341e-01  -5.07644341e-01  -5.07644341e-01
   -5.07644341e-01  -5.07644341e-01  -5.07644341e-01  -5.07644341e-01
   -5.07644341e-01  -5.07644341e-01  -5.07644341e-01  -5.07644341e-01
   -5.07644341e-01  -5.07644341e-01  -5.07644341e-01  -5.07644341e-01
   -5.07644341e-01  -5.07644341e-01  -5.07644341e-01  -5.07644341e-01
   -5.07644341e-01  -5.07644341e-01  -5.07644341e-01  -5.07644341e-01
   -5.07644341e-01  -5.07644341e-01  -5.07644341e-01  -5.07644341e-01
   -5.07644341e-01  -5.07644341e-01  -5.07644341e-01  -5.07644341e-01
   -5.07644341e-01  -5.07644341e-01  -5.07644341e-01  -5.07644341e-01
   -5.07644341e-01  -5.07644341e-01  -5.07644341e-01  -5.07644341e-01
   -5.07644341e-01  -5.07644341e-01  -5.07644341e-01  -5.07644341e-01
   -5.07644341e-01  -5.07644341e-01  -5.07644341e-01  -5.07644341e-01
   -5.07644341e-01  -5.07644341e-01  -5.07644341e-01  -5.07644341e-01
   -5.07644341e-01  -5.07644341e-01  -5.07644341e-01  -5.07644341e-01
   -5.07644341e-01  -5.07644341e-01  -5.07644341e-01  -5.07644341e-01
   -5.07644341e-01  -5.07644341e-01  -5.07644341e-01  -5.07644341e-01
   -5.07644341e-01  -5.07644341e-01  -5.07644341e-01  -5.07644341e-01
   -5.07644341e-01  -5.07644341e-01  -5.07644341e-01  -5.07644341e-01
   -5.07644341e-01  -5.07644341e-01  -5.07644341e-01  -5.07644341e-01
   -5.07644341e-01]
 [  3.41168286e+00  -2.87150245e+00  -2.87150246e+00  -2.87150274e+00
   -2.87150531e+00  -2.87151692e+00  -2.87155492e+00  -2.87165851e+00
   -2.87191105e+00  -2.87248618e+00  -2.87374754e+00  -2.87648005e+00
   -2.88247753e+00  -2.89620296e+00  -2.92970130e+00  -3.00694264e+00
   -3.00498708e+00  -2.70905002e+00  -1.97831846e+00  -1.83897674e+00
    2.04720876e+00   2.11785136e+00   1.70021789e+00   2.36643130e+00
    2.33774053e+00   2.31509598e+00   2.29788950e+00   2.28670074e+00
    2.28146292e+00   2.26657788e+00   2.07420312e+00   8.01713125e-01
    8.31261179e-01   3.84615380e-01   3.84357552e-01   3.57652831e-01
    3.80686385e-01   4.88724484e-01   1.39115464e+00  -5.13433022e-01
   -2.01140745e-01   3.26425372e-03   1.01717317e-01   1.70989738e-01
    1.43982118e-01   1.02634556e-01  -5.12889502e-04  -5.36910435e-01
    5.88471112e-02   2.96416127e-01   3.71303008e-01   3.85479556e-01
    4.23751457e-01   5.25676905e-01   1.01738422e+00   3.97208666e-01
    3.56074795e-01   2.43704001e-01   2.73392436e-03   8.55799422e-01
    8.84173878e-01  -4.15404135e-01   1.56008809e-01  -1.80969242e-01
   -3.43510245e-01  -6.02294434e-01  -8.09073597e-01  -1.33451689e-01
   -7.92683368e-01  -1.41214227e+00   2.56621978e+00   2.63523320e+00
    2.75864392e+00   2.97762044e+00  -2.85533587e+00  -2.38162960e+00
   -1.65367165e+00   3.01737121e+00   2.80905278e+00   2.02373550e+00
    1.97169625e+00   1.71055746e+00   7.93418185e-01   7.38362629e-01
    5.46248413e-01   1.13691758e+00   5.94971141e-01   9.75073288e-01
    1.15870028e+00   1.28333378e+00   2.74902846e+00   2.80548780e+00
    2.82640555e+00   2.79109710e+00   2.72841679e+00   2.64331548e+00
    2.52058405e+00   2.34237577e+00   2.10965142e+00   1.74834257e+00
    2.44144655e+00]
 [  1.88800735e+00   1.88800734e+00   1.88799563e+00   1.88790047e+00
    1.88756462e+00   1.88672114e+00   1.88495728e+00   1.88166108e+00
    1.87594194e+00   1.86651101e+00   1.85149826e+00   1.82816794e+00
    1.79248891e+00   1.73867157e+00   1.66054812e+00   1.57417205e+00
    1.58749077e+00   1.55393804e+00   2.31620447e+00  -2.87192625e+00
    3.05137150e+00  -2.66069345e+00  -2.65780633e+00   2.07413371e+00
    2.16942772e+00   2.27843228e+00   2.40942383e+00   2.56993616e+00
    2.77975780e+00   3.10371823e+00  -2.60368353e+00  -1.83005595e+00
   -1.82677623e+00  -1.78867505e+00  -1.78326401e+00  -1.76309929e+00
   -1.73899750e+00  -1.71545244e+00  -1.99677191e+00  -1.09052829e+00
   -1.14130276e+00  -1.09908648e+00  -8.96953757e-01  -5.78183417e-01
   -5.51990633e-01  -6.10062699e-01  -7.08661543e-01  -6.83593273e-01
   -1.52669181e+00  -1.73282576e+00  -1.78802108e+00  -1.80684546e+00
   -1.81621194e+00  -1.82019318e+00  -1.89024175e+00  -1.87601229e+00
   -1.57413574e+00  -1.47452962e+00  -1.46053968e+00  -2.42789441e+00
   -2.47499704e+00  -2.43990671e+00  -2.54539651e+00  -1.98209804e+00
   -8.80437343e-01  -1.00276255e+00  -9.87821561e-01  -9.66296212e-01
   -1.49961962e-01  -4.55083446e-01   3.85022489e-01   3.92562865e-01
    4.03115636e-01   4.15453776e-01   3.96324835e-01   3.24141998e-01
   -5.93443389e-01  -9.60723743e-01  -4.61784949e-01   2.57014453e-01
    2.11583972e-01   1.03446788e-01  -1.39858038e-01  -2.53484013e-02
   -4.22938837e-01   2.78964687e-01   5.79646641e-01   6.32423799e-01
    4.73772294e-01  -4.49261907e-01  -2.19504131e+00  -2.25939432e+00
   -2.27522984e+00  -2.18909677e+00  -1.97281787e+00  -1.67121064e+00
   -1.35819926e+00  -1.06529081e+00  -7.59293936e-01  -3.08262846e-01
   -8.36942017e-01]
 [  2.36909522e-01   2.36909520e-01   2.36917777e-01   2.36987283e-01
    2.37246035e-01   2.37931555e-01   2.39438885e-01   2.42389888e-01
    2.47738984e-01   2.56946458e-01   2.72286765e-01   2.97444219e-01
    3.38753849e-01   4.07940690e-01   5.28028274e-01   7.36238863e-01
    9.60617182e-01   1.46803304e+00   2.64025754e+00   2.68075899e+00
    2.19802901e+00   1.39943164e+00   4.78900500e-01  -3.39326394e-01
   -3.77553659e-01  -4.28478812e-01  -4.89945739e-01  -5.77835727e-01
   -7.29505974e-01  -1.02349435e+00  -1.64129710e+00  -2.86494587e+00
   -3.05150503e+00  -3.04216763e+00  -3.13308614e+00   3.06966715e+00
    2.96334342e+00   2.79163668e+00   2.11164529e+00   2.79769045e+00
    2.85556796e+00   2.88604686e+00   2.96059038e+00   3.09138091e+00
   -3.11884442e+00  -3.05512145e+00  -2.94203837e+00  -2.41412811e+00
   -2.78204170e+00  -2.94577465e+00  -3.05635296e+00   3.13532956e+00
    3.02734710e+00   2.86954214e+00   2.41205281e+00   2.73449388e+00
    2.98562228e+00  -3.11208460e+00  -2.85821628e+00   2.22564914e+00
    2.02726202e+00   2.51446123e+00   1.80020244e+00   1.40177355e+00
    7.28225619e-01   8.08371271e-01   9.91442262e-01   2.01338871e+00
    1.73577763e-01  -5.50242002e-02   4.24720190e-01   4.58571392e-01
    5.32078096e-01   6.68386674e-01   8.49496571e-01   1.37701976e+00
    2.24818972e+00  -1.06701270e+00  -1.62037283e+00  -1.39487825e+00
   -1.62941693e+00  -2.09302194e+00  -2.08669733e+00  -9.61340055e-01
   -2.07733254e-01   5.11400481e-01   1.56245208e+00   1.87255112e+00
    1.93666760e+00   2.72480074e+00  -1.59188388e+00  -1.65318335e+00
   -1.60238249e+00  -1.51118423e+00  -1.44122156e+00  -1.43880285e+00
   -1.49012188e+00  -1.56049470e+00  -1.64959291e+00  -2.02111752e+00
   -1.86532204e+00]
 [  7.29029395e-01   7.29029399e-01   7.29022651e-01   7.28962570e-01
    7.28720830e-01   7.28032881e-01   7.26423245e-01   7.23101037e-01
    7.16809388e-01   7.05598586e-01   6.86464309e-01   6.54734444e-01
    6.02979786e-01   5.19086265e-01   3.83362061e-01   1.63995141e-01
   -3.01900208e-01  -8.81331117e-01  -8.84379380e-01  -1.64649913e+00
    2.40649734e+00  -3.10423626e+00  -2.10786077e+00  -2.20332167e+00
   -2.17759547e+00  -2.12598165e+00  -2.05150477e+00  -1.94400951e+00
   -1.77672197e+00  -1.50098666e+00  -1.13877315e+00  -7.16786178e-02
   -5.54834250e-01  -1.40959082e+00  -1.71460824e+00  -2.04722968e+00
   -2.34946240e+00  -2.66687664e+00   2.88801164e+00   9.79839967e-01
    1.77971923e+00   2.37363931e+00   2.77572706e+00   3.07435258e+00
   -2.97331327e+00  -2.72226303e+00  -2.45869449e+00  -1.94792994e+00
   -1.62984106e+00  -1.63471547e+00  -1.83294619e+00  -2.10579024e+00
   -2.37714446e+00  -2.66705373e+00   3.11174693e+00   2.62153794e+00
    2.88227589e+00   3.10734440e+00  -2.85676961e+00  -2.68120094e+00
    2.98250341e+00   3.00369193e+00  -2.39338972e+00  -2.37849323e+00
   -1.61050719e+00  -8.52986421e-01  -1.68281344e-02   2.34624203e-01
    1.07770497e+00   1.61466446e+00  -3.03830532e+00  -2.99647277e+00
   -3.03065472e+00   3.08833563e+00   2.71616224e+00   1.96875482e+00
    5.63344313e-01   2.08771250e+00   9.59288864e-01   1.17655075e-01
    1.05334633e-01   2.87415176e-01   3.88084322e-01  -9.48065504e-01
   -1.97259442e+00  -2.63405255e+00   2.79775521e+00   2.74702906e+00
    2.13323127e+00   1.54041445e+00   3.62981091e-01   7.81162205e-01
    1.14282922e+00   1.46456163e+00   1.74457603e+00   1.96713990e+00
    2.16768603e+00   2.41308941e+00   2.79122720e+00  -2.76948327e+00
   -1.86595147e+00]
 [  0.00000000e+00   1.17059797e-08   1.12301137e-05   1.00564300e-04
    4.05964853e-04   1.14625315e-03   2.63777839e-03   5.32046719e-03
    9.79650123e-03   1.68847074e-02   2.76900249e-02   4.36687169e-02
    6.65819921e-02   9.77684871e-02   1.33249543e-01   1.31938252e-01
   -9.32333039e-03   5.29072130e-01   1.46507296e+00   1.17462786e+00
    1.40079414e+00   1.48803289e+00   1.61247713e+00   1.85001044e+00
    1.97232358e+00   2.11635275e+00   2.28823373e+00   2.48878453e+00
    2.71496276e+00   2.94813394e+00  -3.10454536e+00  -2.70414766e+00
   -2.70150694e+00  -2.67134683e+00  -2.62021774e+00  -2.60028698e+00
   -2.61216611e+00  -2.66687117e+00  -2.96744724e+00  -2.31680183e+00
   -2.51647035e+00  -2.74008495e+00  -2.93477584e+00  -2.86426530e+00
   -2.70867248e+00  -2.56830327e+00  -2.44521947e+00  -2.20146968e+00
   -2.79616997e+00  -2.56496239e+00  -2.42738889e+00  -2.33485725e+00
   -2.27414962e+00  -2.24810272e+00  -2.31746721e+00  -2.06443143e+00
   -1.67963190e+00  -1.41177392e+00  -1.15653499e+00  -3.73674519e-01
   -4.60383961e-01   2.81831780e-01   3.14968288e-01  -1.51812176e-01
    4.67522123e-01   7.42223875e-01   9.42563027e-01   6.15139908e-01
    1.94664479e-01  -9.81635227e-02  -6.19406977e-01  -4.85304192e-01
   -3.66303187e-01  -2.52115437e-01  -1.63890501e-01  -5.20057554e-01
   -8.97185505e-01  -1.84750527e+00  -7.65080422e-01  -4.37663044e-01
   -1.92698870e-01   1.84400586e-01   5.70532388e-01   5.82219587e-01
    9.68444667e-01   9.52931733e-01   1.03358064e+00   1.25913332e+00
    1.51660115e+00   2.02617088e+00   2.62881977e+00   2.62039904e+00
    2.48567695e+00   2.24550962e+00   1.93255576e+00   1.59211680e+00
    1.25479386e+00   9.55550244e-01   7.36111372e-01   6.10453420e-01
    1.09959479e+00]]
